song=struct;
song.rowLen=4725;
song.patternLen=32;
song.endPattern=53;
song.songData={{[2,100,128,0,3,201,128,0,0,0,5,6,58,0,0,0,195,6,1,2,135,0,0,32,147,6,121,6],[0,0,0,0,9,0,9,0,1,2,1,2,1,2,1,8,0,0,0,0,0,0,0,0,1,2,1,2,7,3,7,3,9,0,0,0,0,0,0,0,0,1,2,7,3,4,5,4,5,4,5,6],{{[156,0,0,0,0,0,0,0,0,0,156,0,163,0,159,0,152,0,0,0,0,0,0,0,0,0,152,0,159,0,156],[]},{[149,0,0,0,0,0,0,0,0,0,149,0,152,0,156,0,154,0,0,0,0,0,154,0,0,0,154,0,158,0,154],[]},{[161,0,0,0,0,0,0,0,0,0,0,0,0,0,0,0,161,0,159,0,158,0,159,0,158,0,156,0,158,0,154],[]},{[156,0,159,0,156,0,159,0,156,0,159,0,156,0,159,0,152,0,156,0,152,0,156,0,152,0,156,0,152,0,156],[]},{[149,0,152,0,149,0,152,0,149,0,152,0,149,0,152,0,154,0,158,0,154,0,158,0,154,0,156,0,158,0,154],[]},{[156,0,159,0,156,0,159,0,156,0,159,0,156,0,159,0,156],[]},{[156,0,0,0,0,0,0,0,0,0,156,0,156,0,156,0,159,0,0,0,0,0,0,0,0,0,159,0,159,0,159],[]},{[149,0,0,0,0,0,0,0,0,0,149,0,152,0,156,0,154],[]},{156,[]}}},{[2,100,128,0,3,201,128,0,0,0,0,6,29,0,0,0,195,4,1,3,50,184,119,244,147,6,84,6],[0,0,0,0,0,0,0,0,0,0,0,0,1,2,1,3,1,2,1,2,1,2,1,2,1,2,1,2,1,2,1,3,10,5,6,5,6,5,6,5,6,1,2,1,2,1,2,1,3],{{[108,0,120,120,108,0,120,120,108,0,120,120,108,0,120,120,104,0,116,116,104,0,116,116,104,0,116,116,104,0,116,103],[]},{[101,0,113,113,101,0,113,113,101,0,113,113,101,0,113,113,106,0,118,118,106,0,118,118,103,0,115,115,103,0,115,115],[]},{[101,0,113,113,101,0,113,113,101,0,113,113,101,0,113,113,106,0,0,0,0,0,0,0,0,0,0,0,118,118,118,118],[]},{[],[]},{[108,0,120,120,108,0,120,120,108,0,120,120,108,0,120,120,111,0,123,123,111,0,123,123,111,0,123,123,111,0,123,123],[]},{[106,0,118,118,106,0,118,118,106,0,118,118,106,0,118,118,108,0,120,120,108,0,120,120,108,0,120,120,108,107,106,107],[]},{[],[]},{[],[]},{[],[]},{[108,0,120,120,108,0,120,120,108,0,120,120,108,0,120,120,108,0,120,120,108,0,120,120,108],[]}}},{[0,255,116,1,0,255,116,0,1,0,4,6,35,0,0,0,0,0,0,2,14,0,0,32,0,0,0,0],[0,0,0,0,0,0,0,0,0,0,0,0,0,0,0,0,1,1,1,1,1,1,1,1,1,1,1,1,1,1,1,1,0,1,1,1,1,1,1,1,1,1,1,1,1,1,1,1,1],{{[147,0,0,0,0,0,0,0,0,0,147,0,0,0,0,0,147,0,0,0,0,0,0,0,0,0,147,0,0,0,147],[]}}},{[0,160,128,1,0,160,128,0,1,210,4,7,41,0,0,0,60,4,1,2,255,0,0,32,61,5,32,6],[0,0,0,0,0,0,0,0,0,0,0,0,0,0,0,2,1,1,1,3,1,1,1,3,1,1,1,3,1,1,1,3,0,0,0,0,2,1,1,1,3,1,1,1,3,1,1,1,3],{{[0,0,0,0,135,0,0,0,0,0,0,0,135,0,0,0,0,0,0,0,135,0,0,0,0,0,0,0,135],[]},{[0,0,0,0,0,0,0,0,0,0,0,0,0,0,0,0,0,0,0,0,0,0,0,0,0,0,0,0,135,135,135,135],[]},{[0,0,0,0,135,0,0,0,0,0,0,0,135,0,0,0,0,0,0,0,135,0,0,0,0,0,0,0,135,135,135,135],[]}}},{[0,0,140,0,0,0,140,0,0,23,4,10,34,0,0,0,187,5,0,1,239,135,0,32,108,5,16,4],[0,0,0,0,0,0,0,0,0,0,0,0,0,0,0,0,1,1,1,1,1,1,1,1,1,1,1,1,1,1,1,1,0,0,0,0,0,1,1,1,1,1,1,1,1,1,1,1,1],{{[135,0,135,135,135,0,135,135,135,0,135,135,135,0,135,135,135,0,135,135,135,0,135,135,135,0,135,135,135,0,135,135],[]}}},{[0,0,140,0,0,0,140,0,0,255,255,255,255,0,0,0,51,2,1,2,58,239,0,32,88,1,157,2],[1,0,1,0,1,0,1,0,1,0,1,0,0,0,0,0,0,0,0,0,0,0,0,0,0,0,0,0,0,0,0,0,0,0,0,0,0,0,0,0,0,0,0,0,0,0,0,0,0,1],{{135,[]}}}};
